96859
31170
91321
88248
20440
19125
35490
5035
67806
77142
88338
35355
40168
10377
77794
9527
91365
89897
35715
31623
51051
25229
43022
46808
62115
5092
35399
98047
76904
25023
65162
98323
86860
17825
33991
70320
60450
75192
5771
37435
76300
13614
75110
62178
12966
27992
10646
28627
90030
1108
10388
83060
97579
81971
28200
9707
57569
79220
3478
4724
74297
27653
7367
29190
25313
97895
38144
8515
56596
18806
55720
9796
40771
52061
32966
32832
6782
99574
97744
78257
71005
27428
81199
9032
74098
61680
94299
4050
71439
65849
22455
47218
89103
26557
3225
10376
40464
86134
79826
39376
49571
19017
74258
83907
88140
95785
41068
84879
39321
30439
40861
41606
75838
45463
57046
19124
75492
93278
64511
31582
8165
27575
73383
99601
88046
12979
94164
26984
36337
87587
45607
40726
46976
77277
72421
30996
42892
34673
54201
67640
37548
23943
87959
21331
48139
84190
71878
54661
30181
76475
85784
4263
96058
15291
74025
92054
82728
81429
9015
63718
60104
41164
9457
83100
54555
22886
72742
83402
3317
86713
73795
11631
93936
42777
64091
20301
88314
34555
25055
92907
52865
3520
54937
83794
58143
74584
73564
38896
36523
24796
78670
75740
27053
15242
29738
79706
27637
28601
82333
88306
68760
5555
72386
32498
84126
41181
48821
24581
55096
42285
37029
74533
93216
54299
79587
76033
97180
21430
15856
77118
53097
44673
72804
25076
21181
41498
22438
26496
75337
39047
6404
75462
53331
45318
21581
98644
44702
11406
24611
96330
10716
96087
63280
86824
80406
86847
85958
82107
32057
92406
99467
59635
9679
70165
22312
91126
5412
48789
2420
1761
12765
12069
26522
48550
45654
55131
59698
18311
25598
15464
36035
28438
82309
35478
971
30838
57557
62100
67909
71102
76114
90438
13631
22033
12124
68538
89899
80657
52045
95272
21936
66079
36834
44927
80599
57392
67806
58454
49027
6772
86676
27705
79363
80982
26734
22492
37392
49696
23183
82056
29437
85162
14663
77677
9979
11099
59066
99713
6384
54397
13160
8194
44162
35574
97681
37506
39585
36872
6075
71533
72776
75752
25674
20267
50298
18683
72496
60052
61528
80319
42923
40802
99001
20037
41035
92919
99490
77848
80415
20709
26401
96626
25022
72093
2966
75237
61548
46352
37913
2413
14087
68768
85151
78432
1094
16352
94902
21450
97311
23826
53969
77836
99011
72278
37669
54606
33092
35344
27063
39975
99949
12723
15181
47800
80283
33521
56162
14253
15158
26024
38143
58671
98244
47636
18363
93861
99897
49091
77823
69190
26519
11897
73382
20892
70015
18921
32309
14145
51458
91164
94487
73443
88875
28340
36305
6573
46678
17192
60036
46554
90288
68437
56653
82010
69832
17431
72064
15833
57517
26068
41322
97598
42705
49583
38436
39529
91325
28861
91159
35246
57802
27634
26553
47235
66416
66543
74599
25998
96775
2656
21929
90954
53260
49797
94151
30636
75295
30820
33177
36455
94027
4795
2082
34256
57429
30140
64585
67344
13177
41456
39025
95439
4970
34665
4411
53757
88437
27883
65052
26758
80081
35393
7389
65964
78095
8829
20566
13036
1444
31685
49780
86642
88908
33292
17280
79761
55436
12711
43664
28770
27405
19976
64260
23428
98825
30325
21216
84817
66698
5741
75905
62384
26611
23063
13899
65070
40519
17119
74266
48056
15232
22427
61298
43372
11643
53441
42806
49599
48749
59325
98084
67163
96438
42230
50797
6042
8887
87183
99360
72067
1171
70497
91982
39969
58102
33508
52978
63777
87439
5523
61849
99061
74409
3103
19226
45852
47595
33534
17893
75259
60957
73267
21677
91649
34416
23968
43311
62526
68441
5269
18626
67157
90780
12036
37140
58043
96178
60427
25367
20077
85802
11584
13379
18993
81542
34539
98716
65986
36082
18430
54223
62575
52443
99450
28438
21700
54640
27363
1743
33791
37495
75006
97565
99355
64055
23280
34282
48578
90559
46999
2322
95958
3422
84096
30322
90043
76099
27479
46326
49040
60282
94161
72895
71998
46645
51007
45115
90984
61917
93947
53425
47923
63498
55424
43709
23663
22776
21906
94545
55542
72614
82297
9886
82955
66948
91928
94651
4518
25335
81093
98033
46811
97956
55149
50468
16330
88824
53024
72935
78078
44115
3864
30623
33564
60149
5927
87666
57724
6174
54083
19524
13550
2936
14629
30948
94089
54093
14752
64215
24922
25990
92387
1689
35605
89486
36653
92933
47269
64801
41879
2625
75519
99843
86717
94231
69049
78009
79560
85092
38745
95791
85465
38457
95844
87973
55165
64748
27244
17652
67482
99863
27356
21640
56955
89500
20242
79570
87979
62432
41595
13957
46847
28849
41761
91315
67631
75193
94229
54754
78631
92658
35397
69923
56245
24958
36492
69460
62420
82366
49794
14755
40596
13199
95293
84765
61054
87295
13163
2366
27205
72394
35078
76330
68866
12184
36071
98533
96398
26118
19274
27635
4320
35713
65074
78622
11646
24695
77722
33018
34591
47621
95604
1656
55989
43365
95368
61975
72610
59807
93862
8732
16289
68081
51494
215
71233
8754
37033
48898
78475
35652
2004
64387
63085
96883
23292
31241
95149
5939
41737
12441
14357
19465
54258
63016
39962
54634
54874
18317
20204
92252
24651
61427
95563
99846
3320
7459
14584
61105
57639
63151
25713
60715
56474
53039
9063
79280
50184
33737
75238
53077
24250
65104
79932
65484
21800
1752
3508
44933
69810
16171
95865
62409
63655
85562
17221
20746
91199
10438
60285
32094
3074
3259
93723
29865
63898
98381
77754
15523
44104
35259
27369
73063
14519
79134
69376
10285
99426
57977
97660
31013
1597
38382
52767
11312
52074
74278
10694
16132
19788
62171
12759
74675
57477
83676
70668
6500
76947
11853
52477
84754
80792
73098
66445
41882
4907
99350
48183
55504
76316
4095
11399
35696
86343
11499
36821
76745
10261
55159
53643
63373
81132
57970
59967
64952
87248
55643
46681
20730
87137
87102
12768
71694
44252
47744
8748
25747
12249
30099
56845
33263
33655
33644
12867
63703
15375
71292
80101
83311
79440
78388
82403
65782
36548
55907
9663
48475
14437
84474
92006
61880
37874
37104
16207
14885
65082
82481
73064
21967
35836
37779
9400
52071
96469
46424
50072
55232
78907
72934
2841
55351
70072
12586
17938
23785
69587
21826
99747
55478
45009
86055
54311
84071
8321
13500
55735
5802
62066
40672
99261
826
7445
39042
81657
57841
88718
59813
24187
6663
29670
28559
33047
5080
30496
62268
45779
87556
7489
37916
37930
29538
97933
82434
38272
7802
32131
2252
31671
97008
56033
33908
96152
85416
55610
78337
18288
95246
19745
23164
40515
13740
75645
62687
69333
71385
45221
29595
41523
6558
60103
86797
59679
23678
17430
61039
93760
23840
26833
87859
59902
15198
45549
65289
43471
64185
88108
21245
81336
13570
37110
24390
67022
6369
52308
92915
92918
78681
56864
12466
81508
16266
17386
40232
18923
92242
63141
30756
34948
79825
45652
91806
836
29343
69018
75389
3718
31765
73522
87177
46698
49355
9778
84619
83544
16562
13198
96932
77088
83437
72475
95296
26511
98105
37239
61838
51660
44020
49288
41702
85715
66046
54679
22506
76085
67246
16268
72256
84974
93566
46726
62300
96258
50258
10222
56400
69644
44690
48713
22065
31811
50603
92492
48909
75715
32398
79803
36062
51399
32222
85680
21795
65157
77535
79713
29068
30546
50141
76292
71257
44552
23114
57537
72343
45514
17904
6165
38818
11673
44400
69725
10195
86537
38260
7319
1091
61623
92016
31898
49988
54591
92713
5988
31769
4392
67978
23336
24278
20864
95639
38889
10477
28647
59914
17738
1679
27737
60772
73789
40122
15472
91824
20315
24975
76967
6335
47975
72247
81051
96761
10620
93700
15071
63003
34112
33845
35130
41637
25064
68212
19386
52365
31021
97210
42994
60995
78480
75562
36197
11546
66347
75439
92138
14663
49865
3533
36972
23614
20071
42596
76580
70115
22526
50180
39965
24220
41112
99442
67624
93523
63142
87219
63939
95851
65846
96088
32668
88209
6771
9016
3987
19540
29140
76688
73688
69166
70153
87038
68832
93339
90173
38424
9306
85417
92571
3105
78369
2654
36204
70276
90165
98643
13515
85841
49908
58024
86958
28193
40716
62879
2237
25893
45702
36860
39502
12330
60471
53698
85978
98812
21872
73647
7888
43605
12932
75204
41529
22464
61144
149
79920
10114
48075
88967
44942
49647
2931
6963
64299
51974
55845
16691
83323
65483
99355
57157
53852
84073
80589
69081
34372
62677
4735
51987
60522
64105
24573
81045
47952
18426
75353
57960
61890
5081
6996
86190
31663
76362
14832
86136
7868
48878
85379
3371
16569
99324
42496
58212
88280
59169
24788
60988
64190
59919
91228
12301
72251
83932
59514
32431
32157
43137
90736
562
61302
73489
16414
44949
16761
77237
14287
89759
8261
32177
2156
60272
57223
30062
97801
72095
73150
46069
36721
42806
68543
96908
66891
98837
52263
4002
70961
8916
48525
61630
75439
62054
25013
72295
59670
79041
64763
20730
51211
12866
80775
30508
86669
81264
78607
79332
60025
37182
38345
41049
23772
17297
92167
69963
74083
84474
64016
20697
83290
92897
85049
37074
41717
4231
62213
59670
3287
85306
42415
35228
43272
26124
42764
5245
1231
5866
84085
14048
20709
76326
43038
18046
42748
51328
19780
74894
67900
56138
8728
98550
84841
22849
35968
75281
37628
49176
42084
61501
73571
12197
32518
18141
99355
25105
4983
49856
26967
19461
11662
4553
5753
64194
77710
24653
89562
50629
34924
4612
46052
36411
34381
68503
56207
50181
81472
5743
80585
47056
67248
6401
17107
80478
93002
39569
95011
47802
20332
76994
23189
35707
48214
88019
67478
54969
68591
15316
65516
82410
24977
59895
40779
60928
98485
71132
99603
67939
31497
74098
42235
88364
46064
52864
34309
34970
68481
36333
2436
37111
46605
49006
54907
75924
53097
31957
65906
79376
56946
74670
20232
75327
85377
73227
73827
96034
91985
26696
26455
43773
45743
72453
69191
87867
94297
88196
72501
13314
82081
61944
85518
31912
3778
29498
85191
89048
44458
30135
91847
67329
70930
91940
53046
52163
96693
44773
77203
95705
67404
26719
5489
55994
16186
14391
19484
76011
62276
45729
48027
11158
49218
34311
38954
71830
30874
59932
19929
13756
64361
76970
34076
91282
74883
25590
35665
18044
79557
71808
75702
59718
24193
42209
10548
13456
85191
26131
58523
21888
71441
25269
88167
48376
81653
42188
38474
48749
73884
83520
98303
76431
16215
37790
76135
7060
41907
84289
12174
9240
40524
50265
41598
31567
17110
92668
52193
99196
5337
95748
86714
43783
38794
67013
70997
89440
92233
44540
34969
27162
41117
49471
5670
25730
13096
98656
33593
75724
19540
9227
17404
33320
2464
62839
95867
58132
49387
33090
92780
87581
36487
19698
9348
31052
64238
13832
18067
88328
25006
93440
71505
75267
83964
27454
32373
15150
18474
31150
74815
72151
76769
94361
58830
8220
98523
62557
31023
78614
73760
90570
11777
49901
93126
20356
89776
39512
17906
79807
5117
79574
88111
84762
58282
52376
35423
62799
52854
17942
8150
11816
75903
23581
67225
73025
24360
44713
49029
29598
95187
75554
60420
41974
61552
9316
16727
34377
511
23198
47909
76156
99708
12835
73610
51584
17161
36466
34591
78483
51808
98417
44195
49549
73466
10294
94301
61990
76742
59190
91424
71782
54521
35880
27584
86369
61367
86262
90394
4901
40405
34918
41262
40116
37588
87261
76234
1845
77156
9391
8901
87862
77885
10688
38201
80926
16594
64184
9579
58817
12495
82398
62827
3223
14245
89177
97138
68415
21548
82312
33965
45271
80543
70650
66220
86965
34233
92611
6551
65161
89905
78059
15476
91505
85103
21200
76960
30487
53196
22352
88254
85712
864
93827
42804
47521
53684
76137
54197
29276
25470
14075
94946
30318
49132
60638
16360
52855
41921
55842
38120
60713
3173
99967
3849
96612
77174
65772
53015
94879
43646
83984
2403
1141
42178
19322
10418
63316
60905
83022
63437
71850
36010
22679
97542
6231
35710
11319
98954
75479
39373
71461
72752
71624
62398
62174
52532
7410
89153
82406
84477
86424
1814
24721
51304
36707
22958
50283
96693
40982
3385
82303
75136
73543
2525
68238
45453
4693
84111
84870
28294
91330
72928
51754
34038
81175
36521
68804
60670
65298
71290
32340
74765
77125
58451
87238
23331
1030
48732
51544
18415
47674
43152
56428
16199
608
15302
31186
79844
69449
68884
31863
75067
95847
78803
18059
70667
59292
29407
59336
3787
57683
83960
10454
14798
55276
77959
26426
7099
30631
21584
25409
98801
45514
37633
50691
54293
82593
89752
81330
47856
20515
63682
33176
95544
42338
817
80181
96898
46911
38893
321
38601
35652
73315
79538
68354
2395
25725
15450
5697
25957
11599
83772
35325
46857
24757
94056
50265
72364
78902
62207
41738
12181
1443
60009
95834
51128
80807
62600
93576
19278
42196
95518
34808
59277
76354
55068
68148
3941
5448
72958
81990
15474
54075
77670
95107
78072
1921
39366
96169
62436
71772
22433
223
796
1030
25537
38986
26730
13939
15644
38253
40192
5142
35467
27635
26098
55152
90197
52523
98542
4536
23628
39729
11637
44961
98439
17927
83528
40307
84351
47760
77796
24679
38946
38342
48193
19412
41
71691
85997
35946
93
17047
95967
28857
24714
72218
45290
51969
36676
8958
2068
95555
24140
76485
28996
46350
54498
40008
54243
16084
92386
13499
87308
36856
59145
80258
98391
14187
39048
24446
53911
57025
66713
80977
73353
60271
41745
37947
34401
75156
77494
37809
5636
36339
39004
43923
87529
47349
3815
71074
72492
78862
98606
25140
94078
22202
52090
74920
92315
75705
54964
70198
21492
72381
2572
28006
13022
81236
35875
21756
52486
4571
5494
75032
71041
27458
16745
96013
32953
27413
63547
42837
22488
64025
17145
43658
39281
25673
68223
60916
43393
90909
63448
79190
22205
75666
58503
39401
53954
69289
47019
43848
84976
96975
17930
582
30274
79310
44835
49193
70121
19365
32630
4960
76022
91560
81853
90685
41776
95083
64281
87980
79484
7185
55799
4762
58626
72133
49646
65471
98277
11243
33299
53493
89250
69115
21237
54768
72464
22224
86066
42763
13102
88006
59904
88061
25191
48430
44575
51086
42741
45757
59060
71547
40380
76208
18878
21952
50508
82891
17767
26087
67896
53818
86838
75303
67730
95701
31639
99472
31329
72323
16680
80281
40347
46861
33773
14699
99403
17967
72035
65445
92254
58396
99262
67488
85048
55673
95307
70349
99530
95126
23397
27734
90320
50543
79488
40505
57980
56284
76147
77514
11080
57839
20705
44658
41199
88563
67635
19745
91163
50485
18049
22575
66412
11271
99058
54103
24528
12812
55190
98094
87350
20021
24213
63979
61165
19632
84457
32903
17704
95731
68202
1270
2508
34249
924
50052
40460
92317
18967
39392
24935
19693
89509
65926
52329
19169
80654
89977
2848
25036
95585
32229
39894
60290
37266
8405
79170
10597
28186
72532
82169
45779
37653
14688
22085
44989
35093
72115
74591
62721
20806
53072
89552
24769
68551
57219
5769
96523
92632
64419
39608
46387
61214
62222
37382
91384
59477
92910
66810
52299
68471
87519
31833
88860
47731
59804
44817
47747
63132
79857
55097
76911
15174
68493
15307
25843
75373
94780
84597
78131
4334
57556
1143
51390
51668
5180
53704
52502
95431
14570
17596
93549
96281
49219
70806
69593
8943
25902
75131
25913
36221
2978
23155
10578
6063
95277
18291
65762
14694
11235
84652
56729
79154
19716
56647
73571
17092
41705
71234
26654
14953
10254
45383
55828
710
46123
47650
65405
63803
71708
27714
72771
43382
74884
41015
7084
52630
57265
45866
50054
84761
45612
92890
56993
69781
96597
92112
34978
806
71865
39990
4991
40956
13007
75799
11957
66783
433
90050
88359
72520
82016
33844
95223
32231
32474
84086
92894
79499
5652
60887
83652
46677
37610
23708
64086
67330
18787
18683
45469
52183
37839
2387
85985
58809
83552
89635
81155
44183
46917
40372
95781
59532
33152
98008
43153
33021
47474
16707
76972
15644
53733
90138
29044
9389
41148
67287
68814
78614
7424
64944
49395
53894
5215
34663
55606
78662
10059
69956
38497
99075
70572
67726
41139
52225
57768
11097
59077
54600
59343
1955
65837
95005
92913
58192
82648
96142
40019
37498
90799
70965
7581
41118
8129
99347
23680
31209
68887
8341
56821
50243
57271
60061
36009
51280
47838
48537
50604
69489
93384
17524
7102
32714
79174
28860
15720
27019
77201
9480
10985
7727
23968
75100
70568
57301
41650
89607
45475
96732
4978
96383
47556
69162
26003
28505
87784
19148
23327
89121
58784
98646
59999
82030
66996
86427
82575
23863
82843
50628
62984
39689
30421
48253
66643
58262
60547
60295
92732
22436
8635
2876
2942
33548
7597
48281
90853
63841
3039
37546
91120
60512
88198
88936
42762
49216
75707
64725
45844
61852
59466
23357
24437
38442
8769
36133
1035
76447
9453
85315
86093
29697
81739
15508
76433
75527
9729
75006
60660
68847
45842
16707
74255
22227
50791
79445
31240
17279
25149
16077
17853
89569
65962
86496
9776
74082
54845
26403
51073
50555
14834
4577
11318
45421
84519
75556
490
28313
14560
13607
15241
1019
97651
69975
87914
23289
76072
26737
41128
93169
62003
69396
96650
28616
60604
86330
10885
74397
84305
64666
7249
90120
81845
3417
6949
34955
82921
10169
39672
36121
29149
566
33119
71869
60633
21905
29936
25972
48717
48323
40658
29921
41946
58079
69345
30682
45607
68884
11990
94013
29092
37961
2525
6401
22928
58272
78787
46390
38126
90193
49130
69291
2565
70797
78220
79226
42846
12907
14765
25520
13697
36309
46548
20380
61796
62443
56411
88950
31520
35398
42392
20949
16974
69123
81959
41426
25348
19568
8827
42652
60398
55667
83227
17833
89841
52723
77810
45696
44520
61221
79351
30971
82461
2602
7168
25898
20068
87599
57886
63602
3744
15064
69370
30693
76709
30537
59281
92728
91040
94219
4033
45947
85463
6309
27678
47167
50409
46730
81375
30201
45298
35988
7430
72500
32119
21840
43917
8625
37126
38193
51601
79586
32143
25662
41678
26097
30371
22443
59741
23053
11329
30399
55176
21472
71356
31495
26782
46106
81629
98812
79231
67881
99253
22940
45487
48731
26030
8887
17091
75909
94999
68115
91935
44804
45591
86399
82481
60908
60502
26062
20147
46993
10423
12741
88337
42538
39264
20859
35768
51504
15029
86552
8992
94379
81155
20019
52546
20391
52651
53547
89415
28745
82302
26125
52998
97758
37440
92776
80022
50461
74386
65169
1549
92288
18698
82990
34895
98443
13517
37878
81614
11893
47674
34588
57653
38085
43937
39462
42833
58728
65144
85115
8708
97546
64060
88079
24340
1941
3708
71711
28540
6190
62407
54511
96098
25632
71035
28799
39733
65970
10794
24190
44943
77297
45618
95649
36570
68621
22577
73747
95464
61412
95679
33159
25294
30851
87660
84704
68068
68501
20875
74136
32518
71896
62923
54055
47457
89451
18297
55990
86516
70106
52226
65442
19508
13377
10417
81491
55937
49541
42291
67572
25908
90544
32992
51981
64668
8600
6798
55296
59311
81640
32915
57160
98532
57839
97787
35551
36241
64244
55873
20812
80144
71291
24217
2394
8176
46750
66906
80961
85269
50972
10258
10993
83197
17594
67763
23013
88437
83810
21343
47344
99001
5738
37385
54926
33693
1276
72697
12162
12079
53246
33320
59434
16963
96482
24402
14493
6967
40019
88589
63725
88942
51155
10850
73479
84104
71773
2079
77247
57881
85497
1862
17124
39025
61026
50935
12142
84422
12547
94034
72992
33548
50243
59915
66577
52480
81327
81231
651
46076
38163
48269
86604
69057
61629
46775
21654
35266
56953
57271
99913
31665
6724
32610
62281
69226
74500
18906
68499
79161
21700
80329
60679
35008
10468
28210
33053
88212
39727
2469
40786
25862
24250
36421
10342
62183
481
20708
76018
47490
52322
91753
61753
42337
88437
94810
5653
79872
93544
96437
48739
94882
94502
75644
57283
71618
9640
8356
31061
94296
9776
28616
75027
14419
79182
4201
78449
61856
16633
28776
41655
95826
19971
40225
88128
75910
66439
80318
80033
74852
16420
63787
47248
52797
83616
86028
7003
39554
9143
81109
50441
42471
95051
6243
76736
9443
21065
46148
43084
58102
70768
14247
40284
46790
95476
30502
36303
46106
79053
61534
97520
2472
10513
14104
1694
69854
37195
5173
25989
1312
53677
81015
96061
93159
71963
61314
70342
27689
83886
11706
61821
84762
5925
63826
99679
16770
60874
58232
82225
61223
77724
96591
27660
43845
78891
55072
31919
11523
39630
26210
21969
36439
6697
93877
68724
3638
46502
96404
10136
21679
27502
89669
41708
41433
80381
28341
56048
26713
78633
55693
53983
98033
42092
17044
20436
6844
51568
2236
61538
97950
41949
1616
55132
57412
25141
53825
71480
68996
61054
70389
61613
74382
48558
47911
34174
89501
97087
42601
20887
31982
4478
15504
65337
46825
19079
33122
80293
72443
63752
19160
59610
65419
13840
25949
79559
69938
18558
38705
66369
10157
17874
59766
36228
51502
98451
85956
75581
75258
26114
49754
64021
45538
32687
92221
88765
95875
58388
66587
14364
79237
58093
54630
64588
13521
77400
41053
38500
86570
5906
74620
70531
77985
13284
24204
15424
9035
80861
93709
36171
42938
94017
6627
5574
22794
86273
8466
63782
7234
22929
13581
81472
95498
72651
37935
75624
30570
79017
4773
25991
63713
12576
35385
30718
36657
25132
51599
56645
11937
35589
26472
89536
89084
16751
77503
81632
10034
51565
19372
17993
539
39344
10364
34651
92520
98813
47236
18597
92009
60983
25781
65678
91983
67405
16316
62330
88017
59299
65780
92369
65544
84214
67949
8208
9395
59105
22120
97496
11837
74726
16600
45719
36217
72726
13554
9953
95707
55555
87315
76079
34412
37476
28548
19477
23612
18308
23887
94909
85188
85265
15842
22366
54104
92090
30946
50384
40636
49436
69642
43813
87929
47351
85250
98046
91023
10336
80215
82568
93351
81517
10581
53842
95016
69473
92504
25012
33238
93005
1888
97484
3189
21235
57496
58897
45498
75125
50757
67440
58640
35877
8813
3231
95788
93419
8489
96995
95973
99426
98279
28612
13212
65560
10579
5049
17355
91963
87607
44965
63089
73724
80279
31235
57588
42769
11590
35099
94020
84953
95742
74482
54878
97964
19299
45668
78977
66377
9526
35037
92677
9023
37308
65954
61873
27233
65437
39517
86486
99609
28145
56661
414
10437
19060
35687
89089
8000
99285
65738
64849
77433
51749
82461
86815
36964
59756
33406
90737
7001
43342
75900
54034
7558
74485
90513
19659
59450
22928
47289
27003
39951
67556
59559
85160
46049
95699
58787
86492
16570
53735
21662
77268
59319
42070
18276
64475
2208
70340
19029
83433
50454
74780
15762
12814
82882
20361
65167
15170
49274
89367
51425
48480
41016
48328
87941
6028
73735
87748
43313
59428
48008
13513
28879
58126
46322
62789
77998
22928
86143
74958
22943
77339
28577
45265
37317
10749
7151
20458
6741
83708
91493
38778
26044
17714
34650
91512
16829
80449
96907
26972
65048
42468
84761
20052
89522
23107
72445
15072
45388
83214
50815
97242
68489
14601
16641
72710
86488
32806
62169
6377
76315
80088
72566
60611
2067
84211
10884
1156
44131
90117
2189
9028
72221
55449
58270
20629
42871
64724
3567
52622
277
31464
93719
12602
57597
58714
8757
15841
26968
66809
8835
45966
10470
6636
79884
72598
53417
25440
59287
16532
83246
3662
71317
2916
67675
39064
87602
31178
16420
77131
13803
3719
77808
11912
61705
21780
52993
28550
3770
65388
60231
26091
74669
95295
39407
18827
57577
94368
7692
10511
90784
53332
42037
4285
84937
41784
94574
68010
53403
1662
57482
17783
97193
68740
75938
80643
92547
62760
47324
18789
79018
34249
55619
37353
84138
95639
71804
27895
42393
18865
48866
45405
70001
68459
22144
3298
64050
91115
62423
11321
76309
2156
31995
607
50778
44355
80955
58304
3136
91959
4731
65646
87855
44711
41572
91377
91975
76579
82537
9169
20126
73463
26614
7791
30078
85634
476
7628
65507
45941
86724
88784
98550
78878
9734
80112
62131
23474
57490
90006
32837
6964
7546
3500
91215
98167
10760
42821
53527
15112
77608
94130
53251
63440
71032
39794
57070
46398
14844
26040
2360
36501
89177
99704
81935
90285
13349
22880
66647
4877
74324
94668
54681
11782
48713
42930
49231
14530
49442
43168
40968
61446
7918
48322
16530
46834
64657
46486
56265
50429
74595
47911
55725
88355
60113
13028
93411
22280
60271
31335
81130
91745
8159
41206
97625
45424
90615
57752
19768
13401
65728
83838
91766
71167
85851
9310
45316
78217
60738
81942
59980
33657
20194
82824
27918
2173
10676
64526
60143
38520
49403
93781
37515
93850
90529
37578
46945
70313
39415
18087
33817
94957
98774
80187
8604
93447
56114
35414
84819
46478
88519
17569
71094
92512
16541
90324
34790
96324
52774
19491
65586
49108
27567
53165
87040
28891
87786
45708
26674
98660
1213
39785
32643
54637
53057
97894
99471
30584
36068
51382
61451
94553
32854
86647
89023
93817
61304
26309
93698
75404
12481
79197
58137
30211
62485
28798
34204
22817
89911
67210
51374
42501
80412
18973
65971
72809
16767
21238
6751
23505
78284
32102
12880
11784
10051
26640
38749
60811
4087
44490
70846
34960
90549
77447
93985
43671
24196
92829
99814
16100
55108
42294
64291
62262
85325
78835
51339
60556
2639
77790
35927
45464
52256
67292
6110
91573
67044
42453
65711
87293
75844
14276
76845
30977
30969
6299
21011
59942
33058
82254
67410
83394
62776
97162
47569
33193
73849
89729
12443
71255
67724
54036
76184
59953
85952
11845
86674
98200
79491
12680
18385
5586
50780
9353
38316
10759
9397
34709
60045
64614
82292
41746
15278
93100
30020
62272
66925
40363
64284
79853
16986
37557
81586
59771
80038
75263
46192
61888
27966
4293
44156
2304
16491
86467
31208
49138
38404
98371
70982
50935
61457
86897
53321
66499
20788
77371
4466
75234
28724
85341
72957
6099
9844
35800
13607
32221
42705
82006
90567
30721
93353
5859
19260
53157
34729
16523
59692
24422
82654
65786
6974
45867
27921
3714
36174
2302
83744
86123
38871
55592
65966
25677
20808
17152
30623
82979
15152
14540
84865
16034
21513
70778
42363
38687
66569
40132
95717
26886
36279
43359
51493
1433
81308
48219
17346
85798
5723
96743
95052
28064
28245
34971
58518
42716
56825
40354
23150
64335
29987
59431
63897
12435
67073
77532
52309
42021
23326
27864
87351
57259
23772
45780
18643
1532
81253
39912
60555
97793
35292
85769
42550
30615
16481
52974
22640
63782
11020
19546
96403
24044
7319
23092
73805
51199
36356
13813
3270
67133
40458
16841
84740
19108
15635
20008
19873
45592
25506
57152
61338
72570
39009
44768
28024
9291
83639
63662
46990
69691
80401
71966
33348
39535
86034
78207
34191
12748
46288
8650
87772
15728
96798
76718
65421
8937
71558
30538
21575
47020
59498
73431
70817
74495
46757
85081
82492
60840
14592
8669
30969
93527
99428
24206
91884
10520
30324
53542
64281
36265
87698
57949
94204
27312
61362
70033
97295
92486
83777
10961
44178
15418
94002
86336
56618
84524
93934
43402
1478
18737
92218
16694
19067
27783
13522
39493
40219
54893
47978
76849
19485
16564
4953
72400
85170
48163
28470
59361
10234
60090
21409
41505
9424
59688
51395
33028
79014
8331
43613
64987
66727
18828
77566
78150
58623
8696
63388
4494
94690
61096
37089
4016
47471
5326
80414
90938
25367
21291
29657
40978
61024
10440
2507
79164
19306
65512
74942
69365
24981
84637
52356
46522
96274
75451
24796
67503
25108
64265
72338
51724
6904
72646
11864
93639
56026
46644
42192
22273
39071
32697
43698
17596
22361
9116
14283
5668
72483
70944
2017
51789
29769
17786
69140
11208
24996
60893
49445
13260
62198
25653
81302
55929
56123
78325
88418
22312
56689
53120
11648
99789
78746
57163
54495
91426
39175
66891
29000
65084
9672
74501
95953
51117
71075
23227
89070
39211
36112
18821
76526
77647
80426
83208
36258
25553
81749
19945
68871
17925
49538
32635
28656
7500
67817
11293
51152
51522
52122
99756
87279
65202
89011
92731
84583
48173
82045
76120
14687
82043
17870
57127
72527
83615
12749
33780
22027
98284
26040
77462
14842
47912
66836
89651
97614
26276
65531
67260
83735
29941
57222
13981
42829
15333
83926
93407
11264
33863
81388
95126
78698
79663
83810
46294
63860
16206
80116
20619
28990
7227
83300
87971
14711
68583
30733
42656
79124
98813
93586
44373
75759
74910
39720
98455
99465
38660
47369
60324
13494
86970
46926
18007
39188
25576
75931
17488
98777
18203
2168
85291
15751
63063
30961
93055
34531
97583
76194
67765
54582
27853
41498
43895
74108
10739
14002
36572
89078
39298
91307
39313
81478
83834
25419
49415
54690
45088
26440
16080
71504
72313
54111
29752
73212
33752
68994
27140
31882
25249
63999
63366
5881
8245
57905
88116
45912
32848
93488
71656
85937
93071
91898
21699
96798
521
40983
80013
40394
48475
51154
81249
79312
14215
81989
79698
4815
4342
96179
10186
83868
70552
89687
35875
37724
30580
32366
64188
11895
48382
10306
76340
6199
22573
24193
65711
14929
2081
73335
63357
67069
23829
63201
25763
92484
83539
72027
95737
70349
91720
62772
7913
7711
36371
36946
89059
27930
50844
24327
24536
23822
55335
20466
23136
11115
59781
71990
99486
75005
4523
37783
81324
45950
82135
66580
51903
23017
97715
24223
63497
32396
6809
99196
85631
98163
98363
26856
74521
20881
69675
71775
82267
42401
40536
28065
6754
45254
69697
63486
73914
53573
5402
84706
14170
66757
93638
90184
89810
25668
60961
98692
11933
16863
9998
83290
69680
54737
51142
10290
35028
22077
87948
61865
66716
72495
13685
19154
74357
34456
52997
52727
75538
70878
7895
35991
18087
19657
14462
64320
61386
57742
55276
59039
3008
68353
81984
63728
68899
65384
51622
69843
98041
47230
8356
10825
7546
38416
54901
84734
67063
91291
57699
3698
12698
22654
98828
4508
71546
29691
40384
49197
96318
54146
18822
11019
25824
43094
37894
24357
57062
84586
78753
80897
48901
51769
51780
60157
40951
5373
48710
59517
21713
63676
77315
47392
54592
30959
64950
6374
6498
34334
16044
70396
26381
14427
5396
13967
88128
44685
87581
55658
99648
89867
94143
70004
24779
92609
58724
30274
12586
47903
79755
42971
42960
34379
10592
49047
57408
61826
19984
25807
49775
3971
59728
59240
42199
24280
93707
8212
29379
91253
86301
71227
85969
33174
23495
98295
85135
34631
96430
80741
5745
32929
10348
88737
95829
31985
49105
21376
53155
80723
44106
40000
9054
96731
35052
44066
59433
97029
12137
11336
71345
93520
93355
64952
71728
52299
50747
24595
78355
34163
48794
13651
42224
49340
2759
29428
95557
69664
85184
8197
99484
93856
97860
28479
63845
45762
84685
253
70365
59672
34440
75270
34164
42622
84164
54986
4456
64314
65509
831
65590
43040
91741
82810
92051
3764
40496
90118
96965
63721
4155
8512
75553
30175
74516
95490
46875
58512
43169
16695
40103
55733
54310
51271
36073
79146
87910
29609
4960
16162
46826
91466
49583
49791
21958
34927
20297
81374
75283
86784
62315
58602
28703
24665
65942
55523
98516
90698
76996
61760
31252
91796
24754
74795
88776
40389
60077
6925
21670
92866
69474
20097
11832
58597
60955
33328
41525
35160
17431
69123
11270
90811
2702
52145
26790
56165
51904
96050
18138
40626
26668
15401
36924
65860
56790
61944
80739
80986
77821
88723
58482
70851
95079
68915
41182
7631
61961
57369
42668
33137
52296
48285
94443
31792
40273
57405
22125
76743
22070
45214
24940
52122
19682
41937
19933
47089
57276
70483
59533
83073
10707
9201
32990
76320
32246
83033
14741
57707
92366
80686
31744
25258
58190
81723
50501
46121
30447
4704
63729
82341
46076
90984
28302
35790
23974
64465
16352
78858
86143
45877
78499
35579
39175
20008
32172
95472
16597
4006
47343
92614
74127
9063
72936
24879
10781
96649
49586
66992
19689
99166
54007
61769
35877
17990
72951
79148
58290
64468
51256
44624
84525
64747
78787
73765
10805
22205
84624
97945
45555
94231
96162
75196
75126
82265
15352
13776
51954
69249
96645
52341
60962
62079
39357
31007
78203
43975
63189
35964
8742
45030
64456
32622
66011
31910
85355
7760
75346
37524
34373
88246
76024
31427
76795
88098
7606
67751
75324
42788
94918
82053
6508
25853
4150
62142
93309
48593
21432
57646
86142
56688
95300
53257
69586
58372
90273
85355
39348
3069
36603
34853
41335
29998
10505
69934
54298
87043
30010
78961
33713
83968
39333
19223
80292
16419
63410
17951
85351
96969
26022
76992
60032
34298
57849
98284
85551
95314
72648
32200
86478
22838
96718
12174
787
95636
80272
67736
54513
11369
42749
70213
67172
29523
10759
34016
86966
89253
63542
25479
72911
85011
25420
3647
81896
5648
48949
76036
2202
67148
32760
91300
40573
53178
42112
78840
26064
46953
44991
25501
83480
93349
24253
94276
57140
23554
47982
35239
7456
32091
53654
19867
14883
73338
29790
44191
71820
12154
29371
35885
12657
40958
70812
39660
33786
70196
29460
55057
15919
26435
44181
90086
81292
71914
27440
82358
24640
83836
93734
4407
32229
39852
57453
6462
77352
94571
35941
34632
74065
71886
16825
8777
51477
57980
75987
8229
35434
45457
43461
4637
91361
87463
32335
61755
8319
11024
6664
85367
70054
2550
15450
60872
21849
35696
95285
98570
93456
5286
28423
33276
63443
54228
85005
56323
61007
42139
34871
60755
8967
1513
44196
90888
48213
69564
81071
90970
44520
17800
1627
80697
96239
41833
32911
86703
47471
67447
10350
1396
75761
80382
41663
39262
93687
4983
75523
56953
89887
16717
64202
71686
30703
32524
11533
87129
84895
46635
7238
26996
50324
70572
7529
74554
59249
91824
81434
98764
15460
727
67463
91917
26794
8795
46184
3772
18695
850
59694
43193
91305
34275
52570
47575
69760
59198
26849
87648
23378
95494
13304
48119
57859
54271
34531
78413
29195
50130
80096
79054
64855
20519
98763
45791
46964
52374
30153
12245
39541
88071
67076
20524
49297
13914
96709
64883
59169
67626
48805
71670
51940
95556
13898
70275
23294
98062
50342
43548
20756
59965
23169
41864
46466
11943
52123
7635
36141
20622
42848
63414
4565
45740
6842
77326
1287
95146
34582
68911
70996
23170
80875
56884
93124
30232
19771
20832
74335
84915
56430
9650
52892
82675
62340
79843
60316
20148
26764
48654
23901
89951
56179
56561
33999
18253
75807
3107
54340
82162
84075
10023
22764
1952
39080
13783
75856
44984
96568
21170
82112
52103
46853
17037
88802
23509
4120
18801
87823
57892
73981
80757
6948
7862
32256
67410
54761
67340
98424
34817
13002
58387
89957
90559
15696
9310
77566
28087
89197
1819
11590
32637
19441
40157
36653
69167
32164
29535
6866
53068
44112
60334
79582
70597
89739
83083
47778
22249
88342
78058
71670
1733
88766
55307
64281
74286
22906
28956
28182
42185
11964
64565
67728
61172
76999
1183
56269
75064
78402
93744
27661
38288
32035
76706
64489
23152
80839
60376
36010
77935
87548
43774
60221
39903
70917
20046
33510
22159
50403
30058
66126
70760
62789
6861
19664
37998
39112
98621
44652
47303
8306
87294
17998
43258
67489
18148
2249
41992
39208
51069
2356
88924
37147
54710
84616
84145
13339
73301
29171
54249
20198
35875
63256
37984
11498
47100
69128
50284
23738
20216
80511
37254
66704
37562
50924
26040
82937
19938
33536
37669
93990
49865
51622
25506
2270
7218
49819
97806
68421
77799
33620
392
74121
98353
11607
87927
41124
23571
81368
46662
8213
38194
4358
53856
36773
80631
57468
20434
58668
37519
40927
7504
59069
8267
1715
28901
35377
19279
22043
30809
45716
72892
62790
62409
14722
33152
35461
50889
93297
17707
24830
71751
23540
12933
33027
16968
36550
88554
84388
29306
80421
2424
79071
92985
76141
57694
63780
50941
99592
65722
6929
81463
12270
31444
44608
56121
29424
73886
89325
28933
65175
92562
14713
50851
48299
90615
27248
1435
10335
78965
7113
23949
5305
15523
23478
97269
48511
84851
9199
45295
68718
93796
53151
19022
95270
90534
18512
68933
67238
67587
6493
11410
72262
21929
34277
76880
75594
79389
38066
3614
97714
60191
65362
90376
13878
53158
34612
8932
48391
95026
55049
44074
52417
63278
42479
11911
12185
82316
18074
42197
61112
22569
71857
33240
29399
45680
36086
78862
33676
15963
67987
83336
55556
85152
74857
56429
28339
94982
72989
34232
33040
49360
63181
86444
19490
84157
4998
18609
78974
98077
19392
69999
57112
95882
21247
28597
41092
41397
81614
11725
6148
81657
85728
4261
60687
29599
82500
12394
16235
8777
41847
13100
95807
73134
1679
42556
57029
42287
87713
46415
11193
81245
89326
12025
9940
28715
59299
56302
75473
52085
26610
16907
11061
7576
44002
92469
49249
92085
51081
24500
80593
62036
32492
93883
941
97412
81646
91438
65236
32764
76805
4393
13545
17035
3293
61187
60471
40212
40288
83071
50807
59190
57917
94292
16944
26961
38580
40239
71820
59772
38091
67560
83498
26669
7448
7118
23518
56369
15982
3456
2333
10158
94375
664
31980
95366
51820
94356
88655
13038
24694
42844
31648
99931
85013
28462
5449
10094
62588
45646
31149
89642
16781
21655
24754
48966
41160
67768
52966
95301
32036
28470
46764
2879
34749
8982
86794
85187
23467
99130
29480
36851
90170
56294
53014
77241
75989
29245
45780
66924
59939
50366
50485
90720
32849
64701
5344
82260
9226
18515
57954
2511
22873
25691
39246
69090
43040
21044
62807
21080
97022
8311
25100
18679
99399
9548
2421
73339
54300
98563
11020
35411
523
50125
10093
91410
52142
83649
71089
64340
66348
41303
47136
83754
25217
78724
80803
50111
56861
20285
39674
25144
8480
54138
51452
95283
62547
88751
89656
81942
27259
36678
79825
53793
67786
13721
8315
36570
50045
42219
81553
79132
24946
38756
27030
54219
72236
33629
8509
50659
23088
91393
39483
18914
52144
86653
66297
82324
33531
47211
80612
56230
31959
37344
18025
76026
45907
19554
71881
43685
81062
99277
51906
91809
7677
65009
18617
39159
34302
53094
25889
10275
13724
18955
41608
20921
2395
21494
29388
5172
49152
94261
33934
37369
78440
50070
10566
30798
36017
42203
34544
31192
77316
64893
4608
35212
1495
37536
8781
58024
65741
17726
44891
35043
15546
87139
53817
26251
66988
66113
8930
60164
49242
1265
4957
51883
54110
81647
98065
14303
21377
7544
39768
23565
56712
14971
33471
14544
77569
17826
90090
12655
11697
49841
87507
73757
76342
73946
31304
89060
34134
37867
39687
5288
40932
84260
85048
21799
39012
44975
52345
7478
7603
26625
45763
23169
66599
7620
53939
63946
11641
30245
45892
20330
57
73222
419
84638
69796
26125
54099
17829
37373
43022
17928
77897
76389
99243
34044
19093
63878
46327
76245
24352
22150
18994
55848
10073
32861
83592
93772
57280
33652
33119
34082
85991
27613
92449
73588
99525
28160
52955
70858
5726
35296
6864
17830
59996
79044
26586
86131
45032
83029
35565
99495
57489
83501
15756
2942
37455
71115
67224
75877
56699
87360
9158
33597
8100
82278
55514
53435
95539
21702
58598
9124
53144
46622
30720
29219
56411
18643
98118
24416
41063
91702
95346
95801
59887
83631
66322
84700
40692
72115
57180
80790
99076
52776
9335
30038
68876
17100
42752
11508
2331
87247
17948
16687
53606
23349
94126
12425
32153
72427
61271
4753
35027
61268
98178
98601
64822
1753
34379
82855
14284
9104
42391
79990
66985
30119
36055
5983
30589
95084
12829
2527
42704
9936
14258
47194
89180
70579
44287
80246
97521
67780
61108
81929
14927
56062
33982
82676
11547
6291
54233
23534
38551
26982
2509
76481
40564
9180
30429
10549
75054
21704
98100
24907
17867
5583
22693
40683
78324
94146
37182
65583
53287
70301
6701
35843
55127
78524
37040
86810
35433
8596
86417
53256
90648
32497
31367
95956
69274
63133
82628
57519
81157
53110
20968
11523
2128
76773
88337
94755
55989
95884
47616
31400
93400
66431
78969
2214
39700
39085
81362
39713
46624
77808
61864
26011
23216
1284
10419
45734
88285
46627
55918
9671
58741
59303
91177
30621
88083
39873
70522
85779
80677
66312
93725
15381
7124
30324
19322
36543
24083
68495
85553
10917
2869
35787
65890
80627
24242
31502
19138
24670
54230
79086
30647
64667
11678
65588
43673
29712
24226
27038
5151
46528
6279
53039
16985
8509
1504
43530
50049
35056
75449
15784
95286
77822
27707
13041
95430
59782
95126
3070
36040
67305
241
51760
23232
3417
99447
60215
87883
76445
8309
62627
79801
79401
48308
59770
1939
94596
63573
12791
87154
79198
9389
99186
44512
59373
16145
21371
46875
35325
56338
38105
37417
54485
13361
77165
10779
74962
80022
35924
96815
52931
48229
59655
75948
59737
95200
83621
75684
82693
32313
45843
38036
55664
27942
73913
49310
14383
46259
38181
52131
67052
3069
29653
3477
95955
15006
75079
56480
59015
99051
78649
17851
32716
12704
33957
86513
52530
893
61335
48523
69246
49222
36423
83162
75789
80026
55270
17775
71370
47502
85141
8533
65650
49098
72040
85378
85014
85650
22123
17581
80482
95809
59697
58943
85543
22415
39938
33477
62618
71533
36075
6965
32378
54771
453
72314
91944
24087
33425
11757
39583
25983
30534
23119
68491
69814
37320
97699
51473
42569
84501
98711
15459
47048
57406
93702
24821
55098
34576
47594
51063
77470
78901
891
53826
48263
35186
39031
70854
10836
35932
14113
76229
8051
52063
54478
12544
23372
54663
45240
95848
55318
76689
23435
70887
28753
25210
29929
80323
75811
60536
87718
76120
73307
87908
79053
10092
80998
58780
55914
18871
82566
26112
25471
39219
69802
95192
86636
4487
91848
16382
83444
72763
26813
77719
1008
73418
39577
19792
99398
18934
48275
32787
27025
12475
37276
22409
21373
77332
85937
49285
66458
15132
47861
52125
87419
89395
9282
24289
88074
12398
76812
91801
12509
37561
69476
25131
47714
17299
95059
33494
2593
1886
23001
60079
56412
53631
79716
15204
40079
17385
73335
46258
86193
25486
41777
41774
43230
42613
63943
44662
35568
36967
31236
36683
84879
16308
91568
72438
77185
53056
55251
40400
70865
45450
27876
11472
37829
78005
7249
77930
188
50560
921
77216
44629
90340
95117
2796
46291
1213
66337
13000
66209
59772
18783
91327
55385
77378
4058
44979
75060
78372
90213
71105
13138
88288
26387
21799
55824
89290
96295
27693
47230
52819
4126
18286
92969
15271
30576
51247
45064
83084
22421
53618
99467
2991
56297
50007
23097
11095
64284
74594
90508
41462
35866
52596
96051
48768
57167
65675
80296
11301
43670
9351
1058
52893
47506
75211
73744
30915
33554
92092
25975
61140
79670
30851
70910
85967
18868
19021
17954
45895
26298
29852
49654
57028
47428
90214
31386
52005
59726
28696
77005
1135
91676
51655
97551
7125
37625
45921
33455
34863
87363
28994
44542
94337
84815
99915
70878
51962
61409
47930
19853
40739
72924
90981
91972
6716
78239
99774
29880
74727
53584
99829
83360
52646
26129
58552
91361
25403
41647
86641
38295
29302
29184
99478
695
59652
25925
81956
18953
7594
85973
61883
24594
66567
8409
84950
27254
41118
93313
48584
56693
95802
82462
94479
67886
24106
7427
14693
38528
49138
37741
78289
58296
73569
21843
65734
27262
5972
20523
57003
23500
6437
31818
11371
95856
78270
27766
37658
14085
70324
83686
95917
73015
38995
87732
31424
14763
17896
52021
70089
91516
14148
86773
14300
86207
73513
63946
99514
83390
96337
18954
72350
40798
1655
72014
78961
61167
86289
74198
46065
93380
11033
31041
39385
84544
51569
36019
36924
41227
22887
74018
63660
96122
40401
15310
74220
14885
39738
84022
43077
70454
86611
15102
50167
70661
65255
5889
66803
6574
15010
71825
81736
83135
3814
51067
29718
67436
86572
78435
5278
18806
90595
12869
92478
65663
25599
72946
37183
87697
68785
72381
38111
63795
14592
16296
22059
1357
10091
34291
15583
12221
25269
92309
88834
28558
41354
22305
70185
62495
19901
37568
26070
26176
30701
95248
40599
54406
50201
76536
31599
899
8542
87058
41402
33452
49092
64138
75426
56832
92868
88679
30216
25377
28431
60891
16214
75611
63403
58166
88541
46644
13571
53023
90145
51067
9336
67819
95906
10768
48307
30795
78718
52668
42864
19166
28267
94941
92353
46989
54401
68441
88164
54544
99426
55037
70277
85153
65929
92897
85202
35122
30426
15916
44202
36616
83231
98649
11941
31672
87424
75217
69855
47576
47702
64346
51498
164
52007
53231
8845
61917
70664
35062
19123
75568
17074
77255
80477
3459
43704
99857
74176
63496
526
8112
25988
58263
21177
3781
72084
33774
4813
84329
4316
91219
35358
16254
8980
28810
67591
11357
57992
93355
98400
783
44941
18991
47104
82420
35547
60861
59930
39090
61371
46856
76528
73723
13010
48491
82816
66842
51701
37666
23824
31692
67547
75701
38466
611
70735
41418
38673
70911
46361
54874
7670
65784
52834
60598
87582
2850
72562
12714
29732
71066
34072
91415
56976
51698
96258
29469
89641
69879
33978
89054
80397
87145
55925
19051
59222
2198
58064
46285
58649
12732
57496
68480
33524
3907
12246
46027
87485
20969
2344
64419
97230
75520
79044
25409
38367
34698
49061
48167
1989
73162
51278
8840
17958
50924
95414
67794
73115
99442
96932
28583
63713
31960
85136
76926
46434
41074
1988
59907
97878
18342
38338
66082
29183
83126
10416
31682
72787
56592
77258
18841
72466
83381
8857
40968
63805
59880
49072
83472
88686
20681
88255
56475
48674
61689
7656
74388
13066
66615
98500
64442
40923
33223
41868
38422
82517
37098
45449
10264
97794
95590
94973
28087
73247
70029
59759
91221
85597
39656
20949
34621
446
20561
54337
32471
49338
82754
76878
80584
683
90410
70621
60074
60941
43500
31281
12509
46516
96181
65523
20832
20373
27601
50447
78679
23406
82671
27237
32703
90987
89890
42043
31335
87692
65592
35441
11696
46416
4153
44299
70159
32316
37040
88438
26682
15192
26785
72148
11800
20249
13776
32197
44385
96893
72937
15825
61270
52486
35535
31050
18726
40264
1963
47673
32947
21340
61922
53803
40604
68820
41330
73489
84374
9229
20431
74939
44580
62138
40284
42832
73390
58534
62345
78890
52952
54683
78676
41348
44972
38308
69159
10844
3760
97214
51351
28019
67019
74790
64269
64679
16834
11220
31018
97831
10425
28638
21305
66383
68931
44380
96080
82818
74959
75094
31744
87069
65439
82896
65968
60357
64759
35903
8268
27343
85135
33849
16756
626
30475
70969
82248
85542
12559
64640
89026
30936
9895
67753
92235
64408
45175
90133
78192
76813
51495
36523
3918
48320
78290
72919
27263
13270
65268
14943
43543
47400
60315
32168
73022
28737
49069
82597
69502
11021
59466
57748
1148
85506
60533
91348
72065
49963
26981
6703
42110
32475
74164
80109
81381
31538
13419
65843
86323
26315
43101
52367
15257
49626
99951
64807
29839
60460
90887
86227
60940
55896
76607
26558
19767
65139
3979
47947
51424
2522
70039
60601
21083
36110
77184
5058
11409
81042
85268
18139
41462
16794
39839
90153
90298
10379
86851
18103
68572
29430
12553
72887
57551
68380
79992
19453
2783
57053
69176
15877
51625
58477
26226
79219
32275
34618
7354
29105
68613
79283
48053
52171
16999
71500
83200
33276
46542
35801
81141
9157
28920
46508
24273
29864
73076
76606
5837
86206
40033
56231
65307
30754
62511
2882
46504
99056
31202
94252
31163
84826
78411
58009
43066
67087
54439
35135
77483
52609
14265
63748
61915
40911
8407
59854
54223
27024
2182
46219
33163
5732
50441
96853
19435
40603
48992
62761
75553
43933
80437
33694
93657
75540
8028
61451
61605
47606
85919
67729
56995
10667
69716
69582
63070
78305
88092
71297
86443
77173
93634
71223
94627
31487
41491
25679
18500
42390
97424
451
70902
15333
94434
85298
11020
31381
74503
94762
25018
74452
89263
41028
19020
55201
37618
28214
25051
3023
22136
38638
31011
13058
88779
78548
80694
54811
52643
20838
14050
37078
6474
72784
62531
44428
50156
8349
61494
33621
62245
73207
61323
85653
29599
33209
30910
9161
99302
5854
14474
70347
2003
74526
26889
98523
7363
3274
4269
96366
49210
24780
84332
29746
94081
37890
80094
5483
45859
35536
76125
59927
88588
71944
87807
49046
76046
493
85031
76542
1603
42119
47657
84519
80989
92613
34310
46466
41693
54360
82471
73834
30749
34976
93354
28862
57562
8032
85626
93475
5643
57804
14810
74403
88135
42456
97025
86409
39908
51687
1820
22144
76135
55958
73627
41530
91860
36607
67660
16187
5863
4616
59135
35608
5103
80428
61346
88761
81559
23463
56157
53834
90775
69684
30959
40552
77468
46858
19394
35641
51446
53416
68772
73222
98351
51693
8208
67426
78994
99074
4597
8672
70176
76559
16080
97071
34681
52742
76046
11497
54391
40003
47039
74006
59751
98527
50203
72037
65002
88812
9920
96843
56067
58708
50497
35614
46461
81231
48560
88912
20621
65022
22790
72725
8144
1358
4891
62298
49816
24349
24803
70424
24913
70952
28095
59580
30616
90836
80875
19647
17354
36287
62737
75123
34497
23375
22818
94175
82323
68488
55129
86057
4082
29956
67489
75196
86560
23312
99859
73709
42063
14214
61604
75671
47845
7492
93327
5699
29906
92626
88954
80585
74757
37561
54517
1675
90899
33564
15058
89464
49154
3910
26088
78684
10633
45978
15525
33902
39591
34998
65392
21366
45399
90949
33623
29110
58864
26925
54602
4766
54000
3407
2910
47685
16782
33489
25453
32639
47330
45870
92623
34174
50336
82501
16834
69125
76645
50082
21796
186
45294
7429
60502
19613
91562
39515
82442
27751
10028
57266
90064
43195
11048
41154
6770
65613
10013
1954
50248
13516
50913
82016
57923
18203
46946
36891
66938
70381
72960
31585
50586
59080
21710
50265
98335
48758
88562
46928
21447
79570
62556
88852
26695
16528
82716
90069
64619
28554
32405
42621
81887
33577
70128
56644
85148
49422
98860
78851
49995
3983
11745
30896
78665
5382
17663
46299
99839
94361
90236
80536
39678
76953
70686
41734
98449
91634
13792
59188
14288
52190
35972
61816
94220
14853
13098
1136
59989
84580
13670
56794
64426
87633
94230
53136
34487
28798
64040
66717
54526
60599
17607
10363
35436
58481
79362
26884
35312
12480
67459
94339
86921
28158
38740
14032
27799
85471
83679
63915
2917
69133
54422
87030
3642
97959
8266
19403
10540
71321
4692
43397
82850
66135
43475
21188
75562
57341
26428
88261
18090
42259
37324
75490
50664
82733
89588
28504
84130
6831
89134
79624
13011
41545
45793
51197
72714
90042
28788
21184
7250
77061
50522
72877
76820
31704
99552
59826
36974
83431
90161
7835
90712
57383
83680
81097
20708
66115
67404
50759
83593
31336
76007
88032
45788
16580
79739
35212
43420
67049
36572
30922
72177
83468
96207
34807
10329
64715
77792
93193
77929
80683
99571
97189
18384
51634
78161
46208
63604
22083
91346
30060
9986
21137
92803
14571
94224
30174
83638
2240
87305
17153
25168
65049
43692
75287
21070
52755
4194
92452
3711
20793
98993
30698
36399
61151
99022
44955
7900
82969
92326
97918
66299
82075
95811
13097
43257
20214
49142
74342
11147
50147
9298
36046
56636
5749
8931
69599
23604
80319
59880
47072
5052
23992
32385
78013
16886
4513
61036
11055
25742
50264
98511
40007
32372
76635
16798
78810
15061
24812
50956
30168
36512
58503
36282
85852
47609
75003
56969
37033
14748
93587
2953
99272
72005
85733
66759
38380
92989
88979
14111
18350
7407
49903
51917
24845
36278
41749
77095
47549
3341
33932
69482
52436
21742
46834
83325
92523
71906
67246
32890
58070
97717
44956
30844
88419
91224
2136
82210
3093
28436
39320
75323
93383
60175
4441
3922
25511
2945
95134
5736
71316
29300
92335
67947
7871
42824
67746
2492
96673
39101
8516
42725
77770
554
59818
45849
27015
5189
99071
41481
92661
51183
58676
42143
64275
99288
30545
33335
39905
77266
23302
42787
52586
88112
30104
30921
89729
78783
13767
89273
13847
29500
31388
17400
37703
61251
27940
50009
29449
73622
149
4241
19610
35488
93752
98189
43417
19082
42676
10689
15861
63611
25209
74131
97691
81419
17712
47886
43632
4884
20257
74876
38568
72827
44454
20346
8785
40492
82636
44882
97281
74945
50957
76183
49457
46159
55163
98243
79420
5336
8577
84818
49997
67267
98985
76054
23679
42879
27299
38391
74819
32980
34062
69214
87595
98526
73020
21593
47699
70191
12008
16719
76519
31260
88410
78705
74182
15156
74975
10469
56396
7026
28633
55380
37534
38173
47452
83357
57996
5051
10256
7292
57949
9482
83608
94986
48275
56303
21123
8433
1096
2788
82978
37877
93344
55194
68922
11788
94897
95194
39489
29457
92147
71816
89366
27738
37034
49058
96991
82115
15745
28512
96959
66266
91242
43630
9621
9719
57572
31722
59453
17524
5054
38767
8158
42471
71129
15520
65371
25025
85232
46557
65037
10087
8398
78261
1206
93451
97294
4879
75729
88048
47800
28209
71962
68068
3239
91852
41000
9645
74759
8082
73797
88705
96550
73399
31590
36930
26943
17228
38495
80685
36729
6530
22102
71590
70999
9456
7688
99125
57795
61177
85241
35553
78036
4923
74575
86494
34567
37906
87949
68117
15770
7882
34730
24208
31491
40653
33009
34680
96456
41821
33947
1361
27956
53686
35082
92845
35521
67973
53989
50197
80618
75773
38562
66270
91408
71224
40265
47425
37143
79938
38519
84901
7842
57012
88354
89059
92398
18925
46772
44229
46935
80723
1617
27732
33796
87354
14205
88258
8700
34286
65411
85739
65070
76634
40551
83194
90947
25415
9642
28974
79515
24017
60360
84363
77259
40432
71627
71865
99124
10749
89999
86204
11962
14952
73890
96346
4349
63859
60464
72625
73499
80580
51568
93825
37486
29122
86605
89305
21459
45549
81149
59835
52760
99066
69452
86436
41169
32709
41238
10669
82609
865
30985
87187
19510
44624
69840
41542
81174
13751
26358
83999
85138
46444
23880
34717
60483
47495
27574
12922
66662
78866
96682
61223
90451
67644
26274
6770
61661
91403
72802
97126
89846
81708
79977
1093
16673
65083
98138
4679
68935
36772
49080
74490
52403
74275
29246
99344
4464
17221
49302
58460
73062
35204
99699
10045
78737
44731
33177
44644
66870
20170
80604
31729
47785
19756
60756
28256
14882
64606
62080
95659
37385
15514
45024
85590
16496
92410
41048
32059
8096
84554
95087
64539
73649
5269
81549
46972
46820
58996
52075
34766
2119
95832
76042
73721
99005
48092
38941
22687
47272
56560
52807
36759
6217
23411
52319
51992
89460
78220
31559
39277
7889
38560
23462
28080
97520
44670
82270
18578
46510
63134
88675
46262
21444
47569
99342
63554
76282
24451
6442
47321
69188
50094
3926
66629
33948
92587
5548
78407
43487
82163
32919
71050
31510
52937
27575
7668
40469
81056
48493
45366
96206
82712
49577
51488
72567
32548
63334
24048
63904
45081
57308
94485
2523
11876
18295
79899
8505
93789
65073
89739
80077
87680
77550
29543
36476
79238
18388
99287
27478
68492
14409
60988
67649
83193
28061
94874
66122
13785
69032
58933
39276
56369
40047
99780
94372
70859
34940
98301
87268
21826
78124
6015
35470
83551
93135
82223
15587
11888
22242
330
49723
64317
49340
89774
90844
60453
73764
94429
98700
83817
97906
83172
5587
56950
4495
24240
26539
60061
81610
28305
1461
20383
32383
40999
91999
84767
9862
77972
46970
69205
8935
9253
61685
89701
48094
28999
97738
17990
79013
87566
5886
31763
67998
6037
60320
98111
47299
12053
839
79569
35254
25847
52034
72714
74042
42907
56040
27807
21380
81474
32497
50621
40116
78134
27716
7167
9032
70456
5997
50331
81846
3123
59206
27072
92470
46002
61892
83912
81625
23361
75335
85427
95466
11331
48433
8784
34614
12399
8098
5453
43907
59504
70475
10731
44884
84850
94954
97594
35835
67784
5646
96718
273
90288
27751
80384
16386
7102
12205
36053
50844
59157
8726
50026
65651
18069
36076
84953
13690
15459
82249
20696
44689
53833
71432
28211
30266
10236
62169
89714
19964
98786
22527
32605
97093
25588
29831
75977
95853
6734
82997
18417
22469
55422
39072
38332
2985
14616
4144
67450
79981
62441
48984
13796
59986
28882
97724
97735
3115
40314
37808
32805
38552
34766
858
71221
73037
21615
39418
56961
80760
21617
86541
29185
51021
46078
10090
42592
24744
77951
6449
97350
59889
8988
33286
74535
48859
52020
30593
91819
51154
36850
41231
57922
9631
19128
82080
85025
77382
47039
51626
64681
55013
86472
30309
42567
84290
91154
7505
50957
70207
673
95992
95976
62407
2636
11831
1001
42524
29277
21361
15393
89449
33026
22066
37506
87366
86058
22651
1758
70156
16770
22968
49323
4570
64244
63189
22505
172
53840
51138
87945
6751
64682
75557
16418
85669
42318
21457
99119
34541
56163
60831
26351
77967
22054
89168
40922
43804
72066
15190
39555
11555
75108
87156
37460
13466
62292
94454
89862
52043
25722
19329
41967
79669
16082
7682
85109
18571
69829
21505
58956
76519
507
55590
84370
38071
23700
70691
23214
95336
59327
5602
75811
71578
27112
19160
39674
16097
12297
79002
97707
92904
12273
74509
60211
83462
94854
18404
54006
64841
70687
84897
92927
21078
52011
84260
5115
58765
30278
71786
92418
34235
98100
36442
91435
48353
49338
72434
76045
8302
52913
88638
35944
88940
31771
8865
3725
6835
83417
71898
74181
46743
52823
57754
51602
13938
6486
64654
52813
44152
47720
56439
23998
21966
94046
63860
17167
14080
6911
1299
17049
95450
25803
50516
9083
71636
56394
19199
77819
37446
55810
84769
34835
64391
91737
12025
38291
83205
78186
46913
57945
97817
97940
58680
80647
14889
59168
61151
11243
82018
33417
19848
57884
91061
98939
4157
62150
37768
26037
80044
90104
68811
32714
41018
74865
72264
92507
18746
9622
48263
6994
83216
55048
94664
87315
12059
83169
34023
51165
84576
2865
73131
28866
35394
97082
5142
32702
73452
43112
19404
94450
18168
13711
24201
65819
30065
25268
34832
21277
52099
61815
55080
47571
35566
39183
31823
91394
16006
98756
29191
77455
6085
18217
62248
22024
42075
89936
63141
25449
88385
13422
39645
38874
74135
9439
1090
11159
5211
1481
98902
37611
65597
66858
52702
69690
95944
14621
73337
58070
4516
54493
88967
14928
55607
59716
88647
25293
80982
13016
54090
4070
79067
13687
40874
5606
26004
73960
15888
41117
585
86768
73992
3344
39020
9508
41813
10557
20615
64825
13284
30663
8782
80166
89258
89674
38647
76697
67194
27777
36995
44238
60928
6844
86296
67623
16904
86658
84350
33170
52117
93886
77272
74094
21723
39685
75188
37193
45462
79172
53433
28378
93870
61026
71820
56502
34867
87849
8926
87442
65810
26253
41937
99751
48432
3933
77940
83752
4463
11699
86993
31944
94387
281
51588
64183
42707
58628
12182
84064
56249
77048
39760
62950
56404
56818
44489
8171
88639
34336
12507
95708
33013
62650
72529
12902
14897
96269
24133
50210
74458
55207
96723
75343
57419
4565
34665
18310
78331
88185
4911
42010
6183
73349
64463
22751
63842
66127
13463
40732
50302
23353
58833
31661
87630
80613
96043
55143
95731
52271
67749
64023
71342
8676
38920
71380
28966
60252
76730
15291
36570
66297
21443
44146
10108
28931
82311
84902
67339
15233
51045
86746
91449
32279
76732
55909
39034
57215
89508
31486
53318
31306
25415
23311
5222
53416
68156
13716
46796
94480
21249
97559
54577
98195
48794
50353
67056
82806
10629
16259
39152
568
72314
67452
23736
10765
45326
49719
93538
95014
10270
66388
40278
33784
25327
41291
67678
11912
85093
52297
7044
85719
66149
82971
54757
37646
86700
54093
2624
56800
98447
28639
56355
17106
89674
20797
46036
8943
32531
43583
24213
74223
76453
53564
30865
88846
28449
74658
41869
30992
30635
50044
2798
56333
64605
54079
41607
11288
36540
8036
52637
75617
73289
51585
53394
94874
80451
79359
2571
83208
87696
57508
81853
59859
93582
70213
44557
63635
94995
55121
23291
53906
33993
87833
22742
95919
46785
73796
43877
93981
47762
78055
95656
10160
55228
2554
96800
1138
3695
43335
42268
3190
15987
44339
89556
12526
79514
55383
49569
37184
7816
70243
93119
9545
11305
35236
84239
32912
68491
15084
63127
35231
42048
76212
80811
28893
20064
63948
96551
57171
29086
37496
62691
93457
744
12206
30297
19121
5870
71298
85490
48002
15162
73923
55405
38226
19454
96970
58295
11641
54143
19585
2420
85228
70710
47687
64512
784
12979
85948
18778
4376
31253
77333
82415
57514
89704
70944
76024
23338
89018
18373
2299
91461
22559
50689
15985
5578
98103
91377
70094
76073
97471
1692
7640
46517
34113
89927
6081
58101
29150
39564
88517
30577
46844
60575
46398
19799
80746
80670
41701
41047
82941
88324
86154
34351
76357
31746
43009
54212
2470
96352
25141
52859
27488
75230
96297
6334
55079
15488
84398
68895
749
48755
7857
55758
67718
52756
86034
37305
44855
6248
56748
45181
60360
50930
64001
24759
95626
97406
33287
78055
61932
31274
47297
73968
34467
9465
87911
76901
25842
24433
95844
70207
17840
8964
81967
51924
91221
85009
17212
48515
23642
99962
34183
51701
39350
93244
70704
24677
77151
91030
55451
67594
11763
30046
63294
97496
90588
88874
30309
69778
21950
92732
9158
33307
21835
97471
20610
40483
45457
64686
46841
93039
12294
31739
981
6251
44909
16236
73302
3252
65001
3078
11212
98483
34498
39951
2231
8832
87470
61732
33965
10225
17561
79624
51664
60839
86589
94319
62735
15445
58225
76230
92654
59800
20819
68976
40049
62691
10203
68826
80301
77984
7380
34102
76699
3898
48885
56247
84501
65485
67051
24202
48541
33660
23743
2077
15166
36139
47882
85313
53095
62472
44987
11645
86939
84658
40942
42336
80327
73361
54848
88475
26023
94876
58727
6550
71915
80432
82655
84488
81876
25353
64104
4857
68546
39443
94308
28115
71620
40323
16570
48079
17995
37554
55692
38664
9912
50802
18436
9102
85423
15595
97856
18503
99823
84954
43768
53923
25939
46503
78126
55516
51353
19936
28527
60863
48122
89428
43850
60852
90647
92386
67292
57073
21111
97150
47564
77707
57962
66168
94835
8532
16240
94394
62927
53984
74146
60387
82274
98306
26454
44083
83594
46468
76560
45671
96846
83161
62399
22555
70748
1278
56104
40427
53992
68356
5085
98084
86304
81032
69404
39863
15451
5206
57709
70085
78502
29989
89429
2765
92601
96132
64285
47735
34414
70559
38541
94870
68835
97438
43357
61985
38326
98554
27294
977
69170
63346
49603
50019
78700
81984
17570
31133
7252
53711
72866
96380
859
27795
14824
24007
27449
92782
33658
20709
87907
62487
1072
94794
85772
60700
38508
73347
43094
32818
74807
67086
6621
14365
35599
37169
48499
43719
92621
86787
56317
4958
7895
52756
10318
10542
26223
58344
78598
686
75034
36744
25343
39742
89800
49392
61934
62087
99166
52933
25598
37088
74633
45077
49670
62836
6255
52750
25101
14210
39945
14928
60875
46367
5293
60167
20655
39279
73530
12925
15158
19379
3302
80196
80109
23319
29680
29995
17380
64357
22909
39323
99517
75760
84790
38758
12463
19819
75497
92024
38383
99182
2331
78252
14306
66787
54762
26772
46297
15294
20993
91528
51725
3564
68591
47583
59979
11689
36697
4499
70166
63712
20464
9295
60795
23264
26619
23416
34760
20974
29027
11311
90975
44604
64621
27375
82627
54503
60419
3170
90338
51447
62200
78134
52783
38915
78732
81318
53076
73032
16484
81165
2043
31880
55935
84614
5905
89172
84086
45517
27276
76410
29686
37208
67607
80781
83868
65485
29401
77868
81307
25311
86675
79082
83424
14644
51811
95543
29975
30438
36982
70867
71681
61715
54857
90906
46656
22693
5078
84855
5495
4770
17505
32777
78447
21254
30707