296
240
2962
2667
3493
3115
6807
7183
2669
2323
6142
8485
2163
713
1509
1473
351
1225
899
4918
1818
262
3209
1475
2558
4232
2862
9174
9614
2654
399
6198
4195
3426
6755
2185
9210
2230
5670
9418
3007
8197
6399
1120
9165
1547
1208
1226
5831
2329
6242
9162
308
2565
6075
7221
5431
9601
7093
2991
3451
4950
364
3913
860
4929
2136
2861
6703
1674
2226
3220
3098
3032
5486
8036
5833
8386
6813
4548
7159
2488
4994
4841
2754
5517
5651
4465
6709
4062
1934
7254
183
6641
3399
2298
7665
7143
7729
4315
5472
8289
6763
787
4774
8029
3750
605
9826
8360
2609
2054
7876
9047
5926
9064
1348
9362
7918
5542
5125
5925
4656
6633
3412
722
1720
4404
9594
9870
6350
9285
3129
1519
8211
3612
5457
2370
4349
1908
3040
2087
4123
6361
4639
6794
7498
4860
5124
3705
7102
4279
3110
1818
6314
2548
4727
6952
9296
4741
3020
2785
2853
4542
3721
3641
3333
291
9021
7882
7609
7197
3143
7768
435
6394
8100
9909
116
2775
8578
6376
6758
1170
8720
303
2517
8059
7434
486
9980
975
4757
4293
1211
1507
9066
3343
4331
9861
4966
1241
3294
9940
6551
6782
9401
6311
9121
4697
995
133
5206
4895
9019
376
9423
4312
1246
3746
9019
5923
7972
5209
697
8616
2979
5207
5561
196
1114
8395
9862
6138
682
4097
836
6333
7060
1545
1407
8592
4494
7282
1032
3984
3532
9017
7702
1252
6294
6569
2607
2918
401
4821
6296
4311
2106
9949
1456
8230
6955
4780
8300
1065
2990
1057
1567
9853
5201
3731
4860
3941
1091
4126
1844
7416
3615
8504
5939
2201
1408
7312
7001
5619
6626
646
2248
5920
1137
2682
6794
3337
7371
5077
5319
6737
2224
6884
7471
1650
1955
5206
4972
2541
8591
2971
648
4378
5734
9152
7076
2506
9170
2402
6289
9461
2377
5519
5863
350
2089
3032
3198
2173
4985
4668
8753
7105
3463
6954
6078
1362
696
8106
6931
3630
3566
7280
578
4044
5690
7178
9248
7818
9901
5653
4170
55
945
5573
4947
437
5797
1848
9310
4184
3843
2780
6651
7145
1819
5447
2954
1556
3260
2902
1564
4281
9913
1595
8329
151
2719
1360
9371
9996
6915
2534
2664
2598
3152
270
4556
6838
2638
5146
6230
1686
8612
3764
4622
7909
607
4968
5462
2066
2542
3423
841
355
3719
7609
9355
7665
9198
1581
3765
4705
6938
2024
4754
4503
5698
8847
6407
7319
4575
2441
4848
2172
5136
6246
6779
4543
2345
5654
2699
7276
8224
1514
9055
6764
1031
8145
7108
4399
3452
3693
9219
1898
8348
8122
3977
304
5547
2229
2422
6579
1578
4055
5601
5594
8379
9448
7013
951
9672
1831
2661
1689
1790
9590
3132
5784
8006
6551
4583
9735
1637
6255
6777
4908
5269
7044
3894
4419
3980
7828
8307
7968
5501
503
2110
2226
5572
440
6547
7122
7989
2359
305
4413
1236
1166
433
8541
6277
5781
8434
2801
3295
1767
4572
175
7744
383
9118
8197
1798
5979
6861
8955
4686
6839
3885
4577
9380
5886
2664
4451
8167
7587
6921
222
9587
8639
6196
957
7956
4066
3481
1429
9582
6188
3336
2152
9506
1575
2531
8543
2662
5203
8957
3466
1475
8118
3257
4077
2139
1323
9430
3461
2458
7131
253
6889
3107
2845
4017
8807
6956
2878
2336
9273
4814
8686
4706
353
1411
4377
4391
6642
229
1221
5889
9931
9940
8162
4913
9755
7116
6701
3361
9932
7288
2469
6736
7953
1565
9959
5596
6780
7584
8522
973
2202
8788
2804
1308
3692
8998
8511
3444
8922
4610
8375
9612
6107
6054
2243
7958
141
5768
4143
7694
7453
5043
9586
2215
6902
1224
2551
9203
3558
3985
5427
3226
8219
9776
4090
5268
2143
3933
6091
3584
5381
3538
6954
9631
8059
6593
3101
5560
663
1728
7938
985
1875
4133
9977
502
6619
4559
2023
784
9282
3931
9130
3081
5374
922
946
3352
8013
7103
6408
7442
8468
7174
1075
9416
305
1786
6412
1637
9315
4450
7430
469
619
3544
5507
19
6060
9973
1973
2600
8445
3125
2836
414
5524
2679
2647
5689
6972
3536
660
4233
4264
8161
6697
3475
5874
6589
637
5168
5636
9568
6579
725
8088
1045
8297
5834
9819
1518
1320
9833
9575
9414
4997
672
7005
5753
3097
5518
5175
6577
2172
9600
9016
2064
3314
7415
346
899
723
9856
486
5409
4020
4191
3835
8144
5869
6512
3130
2131
4535
2342
4221
1536
7181
290
6687
1709
7800
6054
7782
9918
3274
2540
9624
3308
8971
9218
5047
7691
8997
4560
734
1939
6312
8840
8302
5718
3792
313
5561
4953
9859
8706
4945
4952
695
5000
7305
8527
6762
1846
6575
1646
3392
1873
5449
3502
1615
7979
1570
9708
205
8337
8166
8543
4681
5963
2311
9090
1757
7088
4240
6563
4694
8315
6675
3831
9394
6448
2971
4663
7428
1041
8163
1437
482
3321
6859
7122
478
1468
8619
2514
1871
2333
544
5308
3471
4195
1631
1477
9569
1242
306
8673
2531
4459
8866
6846
367
9174
5317
4135
4910
7495
7251
8038
6993
9026
5481
6226
3497
452
6191
8093
3312
430
2516
3223
5020
8541
8462
3737
5718
6273
7943
6342
3581
4075
7833
6133
4896
9406
3092
2165
1879
1002
993
5607
641
4937
3788
5010
2126
6775
7126
173
4876
6296
7376
2719
8776
3219
6576
4317
2173
8924
6580
7309
4244
7688
1154
2125
1017
48
4179
1648
4042
4552
7940
9336
7030
8164
6445
7588
2238
6642
8856
6709
9968
3039
9834
8050
6992
2140
1887
7379
200
7044
2765
3122
5199
9343
6646
7921
2390
5614
8705
5087
2301
8277
1249
4624
4858
5751
5518
9692
6960
1473
5692
6561
6322
8302
9461
8565
7778
3183
1121
2770
8883
8906
9074
6236
4204
2082
1928
6452
8005
1085
5282
6295
7464
3599
9574
5732
6268
9137
3679
1884
7770
26
224
4336
4718
1622
6295
4207
5077